#Heuristica1:
37
2: 1 2 3 118 120 
4: 3 4 5 
6: 5 6 7 
8: 1 5 7 8 9 11 110 111 113 115 116 117 118 119 120 
10: 1 5 7 9 10 11 116 117 118 119 120 
12: 11 12 13 111 113 115 116 117 118 119 120 
15: 14 15 16 112 113 114 115 116 117 
17: 16 17 18 107 108 109 110 111 112 113 114 
19: 18 19 20 21 101 102 103 104 105 106 107 108 109 110 111 112 
21: 1 16 18 19 20 21 22 97 100 101 102 103 104 105 106 107 108 109 110 111 113 115 120 
23: 22 23 24 26 93 95 96 97 99 100 101 102 103 104 105 106 107 108 109 110 
25: 24 25 26 98 99 100 101 102 103 104 105 106 107 
27: 26 27 28 30 86 89 90 91 92 93 95 96 97 98 99 100 101 102 
30: 26 27 28 29 30 31 32 33 80 85 86 87 89 90 91 92 93 94 95 96 97 98 99 100 101 103 104 105 106 108 109 110 
34: 33 34 35 36 86 87 88 89 90 91 92 93 94 
36: 16 26 33 34 35 36 37 38 40 41 45 48 49 55 60 65 66 69 73 75 78 80 82 84 85 86 87 88 89 90 91 92 93 95 99 100 101 104 105 106 109 110 115 
39: 38 39 40 81 82 83 84 85 86 87 88 89 
43: 41 42 43 44 45 73 75 76 78 79 80 81 82 83 84 85 86 89 
46: 45 46 47 48 49 66 69 70 73 74 75 76 77 78 79 80 82 83 84 
51: 49 50 51 52 53 54 55 63 65 66 69 70 71 72 73 74 75 78 80 82 84 
56: 55 56 57 58 60 61 63 64 65 66 67 68 69 72 
58: 55 56 57 58 59 60 61 62 63 64 65 66 69 73 75 78 84 85 
67: 52 53 54 55 56 66 67 68 69 
69: 5 16 26 33 36 37 40 41 45 46 48 49 50 51 52 53 54 55 56 57 58 60 65 66 67 68 69 70 71 72 73 78 110 115 
75: 33 36 37 38 40 41 42 43 45 46 47 48 49 50 51 53 54 55 57 58 60 73 74 75 76 77 78 
79: 42 43 44 45 46 78 79 80 
81: 37 38 39 40 41 42 43 44 45 80 81 82 
83: 38 39 40 41 42 43 44 45 46 47 82 83 84 
85: 30 33 36 37 38 39 40 41 43 44 45 48 49 54 55 58 60 78 80 82 84 85 86 
88: 34 35 36 37 38 39 40 86 87 88 89 
91: 27 28 30 31 32 33 34 35 36 37 90 91 92 
93: 23 26 27 28 29 30 31 32 33 34 35 36 38 40 41 90 92 93 94 95 
96: 11 13 16 18 22 23 24 26 27 28 29 30 31 32 33 95 96 97 98 99 100 
101: 3 5 7 11 13 16 18 19 21 22 23 24 25 26 27 28 29 30 32 33 36 40 41 45 48 49 55 100 101 102 103 104 105 110 
106: 7 11 13 14 16 18 19 20 21 22 23 24 25 26 28 30 32 33 36 45 48 49 105 106 107 108 109 110 
111: 7 8 9 11 12 13 14 16 17 18 19 20 21 110 111 112 113 115 
115: 1 3 5 7 8 9 11 12 13 14 15 16 18 21 22 24 26 33 36 49 55 60 69 73 78 86 89 90 110 111 113 114 115 116 117 118 119 120 
#Heuristica2:
12
1: 1 2 3 5 7 8 9 10 11 13 14 16 21 22 24 115 120 
5: 1 3 4 5 6 7 8 9 10 11 13 16 65 69 73 78 86 89 90 95 100 101 105 110 115 118 120 
18: 16 17 18 19 20 21 22 26 86 89 90 92 95 96 100 101 102 103 104 105 106 107 108 109 110 111 112 113 114 115 118 119 
24: 1 22 23 24 25 26 95 96 97 98 99 100 101 102 103 104 105 106 107 108 109 110 113 115 120 
30: 26 27 28 29 30 31 32 33 80 85 86 87 89 90 91 92 93 94 95 96 97 98 99 100 101 103 104 105 106 108 109 110 
36: 16 26 33 34 35 36 37 38 40 41 45 48 49 55 60 65 66 69 73 75 78 80 82 84 85 86 87 88 89 90 91 92 93 95 99 100 101 104 105 106 109 110 115 
38: 36 37 38 39 40 75 78 80 81 82 83 84 85 86 87 88 89 90 92 93 
43: 41 42 43 44 45 73 75 76 78 79 80 81 82 83 84 85 86 89 
46: 45 46 47 48 49 66 69 70 73 74 75 76 77 78 79 80 82 83 84 
58: 55 56 57 58 59 60 61 62 63 64 65 66 69 73 75 78 84 85 
69: 5 16 26 33 36 37 40 41 45 46 48 49 50 51 52 53 54 55 56 57 58 60 65 66 67 68 69 70 71 72 73 78 110 115 
115: 1 3 5 7 8 9 11 12 13 14 15 16 18 21 22 24 26 33 36 49 55 60 69 73 78 86 89 90 110 111 113 114 115 116 117 118 119 120 
#Heuristica1:
41
4: 1 3 4 5 6 
6: 1 2 3 4 5 6 7 8 9 10 13 18 25 35 54 78 83 89 101 106 114 115 116 131 134 136 141 143 146 147 148 150 
11: 10 11 12 13 139 141 142 143 144 146 147 148 149 150 
13: 1 6 10 11 12 13 14 16 17 18 25 35 78 83 89 101 106 114 115 116 118 123 131 132 134 136 138 139 141 142 143 144 145 146 147 148 149 150 
16: 1 13 14 15 16 17 18 132 133 134 136 137 138 139 140 141 142 143 144 145 146 147 148 150 
18: 6 13 14 16 17 18 19 20 21 22 25 35 78 83 89 91 94 101 106 107 114 115 116 118 123 124 129 131 132 133 134 136 137 138 139 140 141 142 143 144 146 148 150 
24: 22 23 24 25 131 132 133 134 135 136 137 138 139 140 141 142 143 144 146 
26: 25 26 27 28 29 30 106 107 109 114 115 116 118 119 121 123 124 126 127 129 130 131 132 133 134 135 136 
31: 30 31 32 33 35 115 116 118 119 120 121 122 123 124 125 126 127 128 129 
33: 30 31 32 33 34 35 118 119 120 121 122 123 124 125 126 127 128 129 131 136 138 141 
37: 35 36 37 38 39 40 41 91 94 101 106 107 109 110 112 114 115 116 117 118 119 120 121 122 123 124 126 
43: 35 41 42 43 44 47 54 78 80 82 83 84 89 91 94 95 101 106 107 108 109 110 111 112 113 114 115 116 118 119 120 121 122 123 126 129 131 141 143 
45: 44 45 46 47 95 97 101 104 106 107 108 109 110 111 112 113 114 115 116 118 119 120 
48: 47 48 49 50 54 91 94 95 97 99 101 102 103 104 105 106 107 108 109 110 111 112 
50: 47 48 49 50 51 52 53 54 94 95 97 99 101 102 103 104 105 106 107 108 109 111 112 114 115 118 121 122 123 129 131 
56: 55 56 57 58 91 92 93 94 95 96 97 98 99 100 
58: 54 55 56 57 58 59 60 61 63 69 78 80 82 83 84 86 89 91 92 93 94 95 96 97 98 99 101 104 106 112 114 123 129 131 146 
62: 61 62 63 84 85 86 87 88 89 90 91 92 93 94 96 97 
64: 63 64 65 80 82 83 84 85 86 87 88 89 90 
66: 63 65 66 67 68 69 78 80 82 83 84 85 86 87 88 89 91 93 94 97 99 101 
71: 69 70 71 72 76 78 79 80 81 82 83 84 86 
73: 69 72 73 74 75 76 77 78 79 80 81 82 83 84 86 87 88 89 91 94 99 101 
86: 58 60 61 62 63 64 65 66 67 68 69 71 72 73 75 84 85 86 87 88 89 
91: 18 25 30 35 37 41 43 44 47 48 54 55 56 58 59 60 61 62 63 65 66 68 69 72 73 75 89 90 91 92 93 94 101 
96: 51 54 55 56 57 58 59 60 61 62 94 95 96 97 
99: 48 50 51 52 53 54 55 56 57 58 60 61 63 66 68 69 73 75 94 97 98 99 100 101 
102: 47 48 49 50 51 52 53 101 102 103 104 
104: 44 45 47 48 49 50 51 52 53 54 55 58 60 61 101 102 103 104 105 106 
108: 39 41 42 43 44 45 46 47 48 49 50 52 53 106 107 108 109 
110: 37 38 39 41 42 43 44 45 46 47 48 49 109 110 111 112 
112: 35 37 38 39 40 41 42 43 44 45 46 47 48 49 50 53 54 55 58 61 63 68 106 109 110 111 112 113 114 
118: 10 13 18 21 22 25 26 29 30 31 32 33 35 36 37 38 39 40 41 42 43 44 45 47 50 115 116 117 118 119 120 121 123 131 
123: 10 13 18 21 22 25 26 29 30 31 32 33 34 35 37 38 39 40 41 42 43 44 47 50 53 54 58 63 114 115 116 118 121 122 123 124 126 129 131 
125: 27 28 29 30 31 32 33 34 124 125 126 
128: 27 28 29 30 31 32 33 34 35 39 40 126 127 128 129 
130: 26 27 28 29 129 130 131 
133: 16 17 18 19 21 22 23 24 25 26 27 28 131 132 133 134 
136: 2 3 6 8 10 13 14 16 17 18 19 20 21 22 23 24 25 26 28 29 30 33 131 134 135 136 137 138 141 146 
141: 2 3 6 8 10 11 13 14 15 16 17 18 19 20 21 22 23 24 25 29 30 33 35 41 42 43 47 131 134 136 138 139 140 141 142 143 146 
146: 2 3 6 8 10 11 12 13 14 15 16 17 18 21 22 24 25 29 30 35 47 54 58 69 131 134 136 141 143 144 145 146 147 148 150 
150: 1 2 3 6 7 8 9 10 11 12 13 16 17 18 21 22 25 29 30 35 47 54 146 148 149 150 
#Heuristica2:
14
6: 1 2 3 4 5 6 7 8 9 10 13 18 25 35 54 78 83 89 101 106 114 115 116 131 134 136 141 143 146 147 148 150 
10: 1 6 8 9 10 11 12 13 78 83 89 101 106 114 115 116 118 123 131 132 134 136 138 141 142 143 144 146 147 148 149 150 
15: 14 15 16 137 138 139 140 141 142 143 144 145 146 147 
27: 26 27 28 29 124 125 126 127 128 129 130 131 132 133 134 135 
35: 6 13 18 25 30 31 32 33 34 35 36 37 39 40 41 42 43 47 54 78 80 83 84 89 91 94 101 106 107 109 112 114 115 116 118 119 120 121 122 123 124 126 127 128 129 131 141 143 146 150 
41: 35 37 38 39 40 41 42 43 54 78 80 82 83 84 89 91 94 101 106 107 108 109 110 111 112 113 114 115 116 117 118 119 120 121 122 123 126 129 131 141 143 
45: 44 45 46 47 95 97 101 104 106 107 108 109 110 111 112 113 114 115 116 118 119 120 
51: 50 51 52 53 54 96 97 98 99 100 101 102 103 104 105 106 107 
72: 69 70 71 72 73 76 77 78 79 80 81 82 83 84 86 87 88 89 91 
73: 69 72 73 74 75 76 77 78 79 80 81 82 83 84 86 87 88 89 91 94 99 101 
84: 35 41 43 44 47 54 55 58 60 61 62 63 64 65 66 67 68 69 71 72 73 75 83 84 85 86 88 89 
91: 18 25 30 35 37 41 43 44 47 48 54 55 56 58 59 60 61 62 63 65 66 68 69 72 73 75 89 90 91 92 93 94 101 
101: 2 6 10 13 18 25 30 35 37 41 42 43 44 45 47 48 49 50 51 52 53 54 55 57 58 60 61 63 66 68 69 73 75 78 89 91 94 95 97 99 100 101 102 103 104 106 
141: 2 3 6 8 10 11 13 14 15 16 17 18 19 20 21 22 23 24 25 29 30 33 35 41 42 43 47 131 134 136 138 139 140 141 142 143 146 
