#Heuristica1:
4
6: 1 3 5 6 7 9 11 13 14 15 16 17 18 19 
9: 6 7 8 9 10 11 12 13 14 15 16 17 19 
18: 2 3 4 5 6 7 17 18 19 
20: 1 2 3 4 5 19 20 
#Heuristica2:
3
6: 1 3 5 6 7 9 11 13 14 15 16 17 18 19 
9: 6 7 8 9 10 11 12 13 14 15 16 17 19 
19: 1 2 3 4 5 6 7 8 9 17 18 19 20 
#Heuristica1:
8
2: 1 2 3 28 29 30 
4: 1 3 4 5 18 19 20 23 24 25 26 27 28 29 30 
6: 5 6 7 8 11 17 18 19 20 21 22 23 24 25 26 27 28 
8: 5 6 7 8 9 10 11 17 18 19 20 21 22 23 24 25 26 27 28 29 30 
10: 5 8 9 10 11 18 19 20 21 22 23 24 25 26 28 29 30 
13: 11 12 13 14 15 16 17 18 19 20 21 22 23 
24: 3 4 5 6 7 8 9 10 23 24 25 26 29 30 
26: 3 4 5 6 7 8 9 10 11 23 24 25 26 27 28 29 30 
#Heuristica2:
3
3: 1 2 3 4 5 11 17 18 23 24 25 26 27 28 29 30 
13: 11 12 13 14 15 16 17 18 19 20 21 22 23 
23: 3 4 5 6 7 8 9 10 11 13 15 17 18 19 20 21 22 23 24 25 26 29 30 
#Heuristica1:
11
11: 5 9 10 11 12 13 15 16 22 26 27 28 29 30 31 32 33 34 35 36 37 39 40 
15: 11 12 13 14 15 16 22 23 24 25 26 27 28 29 30 31 32 37 39 40 
18: 16 17 18 19 21 22 23 24 25 26 27 28 29 
21: 17 18 19 20 21 22 
23: 12 13 15 16 17 18 19 20 22 23 24 26 
25: 14 15 16 17 18 19 22 24 25 26 
27: 2 5 9 11 12 13 14 15 16 17 18 19 26 27 28 
29: 6 7 9 10 11 12 13 14 15 16 18 19 28 29 30 31 32 
33: 2 4 5 6 7 8 9 10 11 12 13 14 32 33 34 35 36 37 40 
38: 2 3 4 5 6 7 8 37 38 39 40 
40: 1 2 3 4 5 6 7 8 9 11 15 16 19 32 33 34 37 38 39 40 
#Heuristica2:
5
2: 1 2 3 4 5 22 26 27 28 32 33 34 35 36 37 38 39 40 
5: 1 2 4 5 6 7 8 9 11 22 26 27 28 32 33 34 35 36 37 38 39 40 
11: 5 9 10 11 12 13 15 16 22 26 27 28 29 30 31 32 33 34 35 36 37 39 40 
19: 16 17 18 19 20 21 22 23 24 25 26 27 28 29 31 32 40 
32: 2 5 6 7 9 10 11 12 13 14 15 16 19 22 26 28 29 31 32 33 36 37 39 40 
#Heuristica1:
22
1: 1 2 3 4 5 6 7 8 79 80 
3: 1 2 3 4 6 68 69 72 74 75 77 78 79 80 
5: 1 4 5 6 75 76 77 78 79 80 
7: 1 6 7 8 9 72 73 74 75 76 77 78 79 
9: 2 6 7 8 9 10 11 12 13 42 44 51 57 59 63 66 68 69 71 72 73 74 75 76 77 78 
16: 13 14 15 16 17 18 52 57 59 61 63 64 65 66 67 68 69 71 72 74 
20: 18 19 20 21 22 58 59 60 61 62 63 64 65 66 68 
22: 13 18 20 21 22 23 24 28 29 30 42 44 47 51 52 54 57 58 59 60 61 63 66 68 71 72 77 78 
25: 24 25 26 27 28 29 30 43 44 47 48 51 52 53 54 55 56 57 58 59 61 
32: 30 31 32 33 34 35 36 42 43 44 46 47 48 49 50 51 52 53 54 56 57 59 63 66 72 77 78 
37: 36 37 38 39 41 42 43 44 45 46 
39: 36 37 38 39 40 41 42 43 44 45 46 47 48 49 
51: 9 13 14 18 22 24 25 26 27 28 29 30 31 32 34 35 36 42 44 47 48 49 50 51 52 53 54 56 57 
55: 25 26 27 28 29 54 55 56 
57: 9 13 14 16 18 22 23 24 25 26 27 28 29 30 32 36 42 51 52 54 56 57 58 59 63 
61: 14 16 18 19 20 21 22 23 24 25 27 28 29 30 59 60 61 62 63 
65: 15 16 17 18 19 20 21 63 64 65 66 
67: 12 13 14 15 16 17 66 67 68 
70: 10 11 12 13 14 15 69 70 71 
72: 2 3 4 6 7 9 10 11 12 13 16 18 22 29 30 32 36 63 66 68 69 71 72 73 74 77 78 
76: 4 5 6 7 8 9 11 12 13 74 75 76 77 
79: 1 2 3 4 5 6 7 8 78 79 80 
#Heuristica2:
8
6: 1 2 3 4 5 6 7 8 9 68 69 72 73 74 75 76 77 78 79 80 
10: 9 10 11 68 69 70 71 72 73 74 75 
19: 18 19 20 58 59 60 61 62 63 64 65 
30: 13 22 24 25 26 27 28 29 30 31 32 42 43 44 46 47 48 49 50 51 52 53 54 56 57 59 61 63 66 72 77 78 
37: 36 37 38 39 41 42 43 44 45 46 
44: 9 13 18 22 24 25 30 32 33 34 35 36 37 38 39 40 42 43 44 45 46 47 51 
56: 23 24 25 26 27 28 29 30 32 36 51 52 54 55 56 57 
68: 2 3 6 9 10 11 12 13 14 15 16 17 18 20 21 22 24 28 29 66 67 68 69 71 72 
#Heuristica1:
30
11: 1 2 4 5 6 7 9 10 11 12 13 57 65 66 71 73 77 79 86 87 88 91 92 93 95 96 97 98 99 
15: 13 14 15 16 17 86 87 88 89 90 91 92 93 94 95 
17: 1 13 15 16 17 18 80 81 86 87 88 89 90 91 93 95 96 98 99 
21: 19 20 21 22 23 78 79 80 81 82 83 84 85 86 87 88 90 
23: 19 20 21 22 23 24 25 57 61 65 66 71 73 74 77 78 79 80 81 82 83 84 85 86 87 91 95 
26: 25 26 27 29 30 66 68 70 71 73 74 75 76 77 78 79 80 81 82 83 84 85 
28: 27 28 29 30 72 73 74 75 76 77 78 79 80 81 82 83 84 85 
30: 13 18 19 25 26 27 28 29 30 31 34 39 57 58 61 64 65 66 68 70 71 72 73 74 75 76 77 79 83 84 85 86 91 95 
33: 31 32 33 34 66 67 68 69 70 71 73 76 77 79 84 85 
35: 34 35 36 38 39 57 58 61 63 64 65 66 67 68 69 70 71 
37: 36 37 38 62 63 64 65 66 67 68 69 
39: 13 18 19 25 30 34 35 36 38 39 40 42 45 49 51 55 57 58 60 61 62 63 64 65 66 68 70 71 73 77 86 91 95 
41: 40 41 42 59 60 61 62 63 64 
44: 42 43 44 45 55 56 57 58 59 60 61 63 
47: 46 47 48 51 52 53 54 55 56 57 58 59 60 
49: 39 42 45 46 48 49 50 51 52 53 54 55 56 57 60 61 63 64 65 66 70 71 77 86 91 
58: 30 31 34 35 36 39 40 42 43 44 45 46 47 57 58 59 60 61 
63: 35 36 37 38 39 40 41 42 44 45 48 49 61 62 63 64 
65: 2 4 11 13 18 19 20 23 25 30 31 32 34 35 36 37 38 39 40 42 45 48 49 57 61 64 65 66 70 71 
68: 26 27 30 31 32 33 34 35 36 37 38 39 66 67 68 69 70 71 
72: 28 29 30 31 32 71 72 73 
74: 23 25 26 27 28 29 30 31 32 73 74 75 76 77 
79: 11 13 18 19 20 21 23 24 25 26 27 28 29 30 31 33 77 78 79 80 81 83 84 85 86 
83: 18 19 20 21 22 23 24 25 26 27 28 29 30 31 79 81 82 83 84 85 86 
85: 20 21 22 23 24 25 26 27 28 29 30 31 33 34 77 79 81 83 84 85 86 
89: 14 15 16 17 18 19 20 88 89 90 91 
91: 2 4 5 6 11 13 14 15 16 17 18 19 23 25 30 31 34 38 39 49 86 87 88 89 90 91 92 93 95 
94: 12 13 14 15 16 93 94 95 
98: 1 2 4 5 6 7 8 9 10 11 13 17 18 19 95 96 97 98 99 
100: 1 2 3 4 5 6 7 8 9 10 99 100 
#Heuristica2:
11
1: 1 2 3 4 5 6 7 8 9 10 11 13 17 18 19 95 96 98 99 100 
9: 1 4 5 6 7 8 9 10 11 92 93 95 96 97 98 99 100 
11: 1 2 4 5 6 7 9 10 11 12 13 57 65 66 71 73 77 79 86 87 88 91 92 93 95 96 97 98 99 
15: 13 14 15 16 17 86 87 88 89 90 91 92 93 94 95 
23: 19 20 21 22 23 24 25 57 61 65 66 71 73 74 77 78 79 80 81 82 83 84 85 86 87 91 95 
28: 27 28 29 30 72 73 74 75 76 77 78 79 80 81 82 83 84 85 
42: 39 40 41 42 43 44 45 49 51 53 55 57 58 59 60 61 62 63 64 65 66 70 71 73 
46: 45 46 47 48 49 51 52 53 54 55 56 57 58 59 60 61 
49: 39 42 45 46 48 49 50 51 52 53 54 55 56 57 60 61 63 64 65 66 70 71 77 86 91 
68: 26 27 30 31 32 33 34 35 36 37 38 39 66 67 68 69 70 71 
86: 2 4 5 11 13 14 15 17 18 19 20 21 22 23 25 29 30 31 34 38 39 49 71 77 79 80 81 82 83 84 85 86 87 91 95 
