#Heuristica1:
58
1: 1 2 3 4 6 7 8 10 11 12 14 16 22 24 27 28 32 34 196 199 200 
5: 4 5 6 
7: 1 4 6 7 8 199 200 
10: 1 8 9 10 11 12 200 
12: 1 4 8 9 10 11 12 13 14 16 180 182 189 191 194 196 197 199 200 
16: 1 4 12 14 15 16 17 18 19 21 22 27 28 36 105 106 111 119 122 132 139 146 148 149 160 165 169 177 180 182 189 191 194 196 197 198 199 200 
20: 19 20 21 22 189 191 192 193 194 195 196 197 198 199 
22: 1 16 17 18 19 20 21 22 23 24 27 28 161 165 169 172 177 180 182 183 184 189 191 192 193 194 195 196 199 
25: 24 25 26 27 28 183 184 185 186 187 188 189 190 191 192 193 194 
27: 1 16 22 24 25 26 27 28 183 184 185 186 187 188 189 191 194 196 199 
29: 28 29 30 31 32 34 36 161 165 169 172 173 177 180 181 182 183 184 185 186 187 188 
31: 28 29 30 31 32 172 173 174 177 178 179 180 181 182 183 184 186 187 188 189 191 194 196 
34: 1 28 29 32 33 34 35 36 169 172 173 174 175 177 178 179 180 181 182 184 186 187 188 189 191 194 196 
38: 36 37 38 39 40 163 165 169 170 171 172 173 174 175 176 177 180 
43: 41 42 43 44 45 46 47 152 154 155 160 161 162 163 164 165 166 167 168 169 171 172 174 175 176 177 
49: 47 48 49 50 52 150 152 153 154 155 156 157 158 159 160 161 162 163 164 165 167 
52: 47 49 50 51 52 53 54 146 148 149 150 152 153 154 155 156 157 158 159 160 162 163 164 165 169 172 177 180 182 188 
56: 55 56 57 58 60 142 144 146 148 149 150 151 152 153 154 155 156 157 158 159 
60: 40 41 47 54 55 56 58 59 60 61 62 63 64 66 105 106 111 117 119 122 132 134 138 139 140 141 142 144 145 146 147 148 149 150 151 152 154 155 156 158 159 160 165 169 177 180 182 189 196 
65: 64 65 66 140 141 142 143 144 145 
69: 67 68 69 70 128 129 132 133 134 135 136 137 138 139 140 141 142 143 144 
71: 66 67 70 71 72 123 124 126 127 128 129 132 133 134 135 136 137 138 139 141 142 143 144 145 146 
73: 66 67 68 70 72 73 74 77 114 115 117 119 121 122 123 124 126 127 128 129 130 131 132 133 134 135 137 138 139 143 144 145 146 148 149 159 160 
76: 74 75 76 77 126 127 128 129 130 131 132 133 134 137 138 139 144 
78: 77 78 79 80 122 123 124 125 126 127 128 129 130 
80: 66 77 78 79 80 81 82 83 86 87 90 93 102 105 106 111 114 115 117 119 120 121 122 123 124 125 126 127 128 129 130 131 132 134 138 139 145 146 160 169 177 182 189 196 
84: 83 84 85 86 87 107 109 111 112 113 114 115 117 118 119 120 121 122 123 124 125 
86: 80 83 84 85 86 87 109 111 112 113 114 115 116 117 118 119 120 121 122 124 125 126 128 129 132 134 
89: 87 88 89 90 111 112 113 114 115 116 117 119 120 
92: 90 91 92 93 106 107 108 109 110 111 112 113 114 115 117 119 
95: 94 95 96 102 103 104 105 106 107 108 109 
97: 94 96 97 98 99 100 101 102 103 104 105 106 107 108 109 111 113 114 
111: 4 16 28 36 40 41 47 54 55 60 66 67 77 80 82 83 84 86 87 88 89 90 91 92 93 94 96 97 98 99 100 105 106 107 109 110 111 112 113 114 117 119 
115: 68 73 77 80 82 83 84 85 86 87 88 89 90 92 93 94 99 100 114 115 116 117 
119: 4 16 28 36 40 41 47 54 55 60 66 67 68 73 77 80 82 83 84 85 86 87 89 90 92 93 100 105 106 111 117 118 119 120 121 122 132 
124: 70 71 72 73 74 75 77 78 79 80 81 82 83 84 85 86 122 123 124 125 126 
126: 66 67 68 70 71 72 73 74 75 76 77 78 79 80 82 83 85 86 87 90 93 122 123 124 125 126 127 128 129 132 
131: 73 74 75 76 77 79 80 82 83 85 129 130 131 132 
134: 28 36 40 41 47 54 55 60 61 66 67 68 69 70 71 72 73 74 75 76 77 80 86 87 90 93 132 133 134 135 137 138 139 
137: 68 69 70 71 72 73 74 75 76 134 135 136 137 138 
140: 60 61 62 63 64 65 66 67 68 69 139 140 141 142 
142: 56 60 61 62 63 64 65 66 67 68 69 70 71 72 139 140 141 142 143 144 
144: 56 60 61 62 63 64 65 66 67 69 70 71 72 73 74 76 77 139 142 143 144 145 146 
146: 4 16 28 36 40 41 47 52 54 55 56 58 60 61 62 63 64 66 71 72 73 77 80 90 93 105 132 139 144 145 146 147 148 149 160 189 
151: 53 54 55 56 57 58 59 60 61 62 63 149 150 151 152 
154: 42 43 46 47 48 49 50 52 53 54 55 56 57 58 59 60 64 152 153 154 155 160 
156: 46 47 48 49 50 51 52 53 54 55 56 58 59 60 64 66 149 152 155 156 157 158 159 160 
161: 22 28 29 36 40 41 42 43 44 46 47 48 49 50 51 160 161 162 163 164 165 
163: 38 40 41 42 43 44 45 46 47 48 49 50 51 52 160 161 162 163 164 165 
165: 4 16 17 18 19 22 28 29 32 36 38 40 41 42 43 44 45 46 47 49 50 51 52 54 55 60 160 161 163 164 165 166 167 168 169 
171: 38 39 40 41 42 43 45 169 170 171 172 
174: 30 31 32 34 35 36 37 38 39 40 41 42 43 172 173 174 175 177 
177: 4 16 17 18 19 22 28 29 30 31 32 33 34 35 36 38 40 41 43 46 47 52 54 55 60 66 77 80 90 93 160 169 172 173 174 175 176 177 178 179 180 182 189 
181: 28 29 30 31 32 33 34 36 180 181 182 
184: 17 18 19 22 24 25 26 27 28 29 30 31 32 33 34 182 183 184 185 186 187 188 189 
190: 23 24 25 26 189 190 191 
193: 19 20 21 22 23 24 25 26 191 192 193 194 
196: 1 4 8 12 16 17 18 19 20 21 22 24 26 27 28 31 32 34 36 40 41 46 47 54 60 66 77 80 90 93 189 191 194 195 196 197 198 199 
#Heuristica2:
21
1: 1 2 3 4 6 7 8 10 11 12 14 16 22 24 27 28 32 34 196 199 200 
4: 1 2 3 4 5 6 7 8 11 12 16 105 106 111 119 122 132 139 146 148 149 160 165 169 177 180 182 189 191 196 199 200 
12: 1 4 8 9 10 11 12 13 14 16 180 182 189 191 194 196 197 199 200 
19: 16 18 19 20 21 22 28 165 169 172 177 180 182 183 184 189 191 192 193 194 195 196 197 198 199 
38: 36 37 38 39 40 163 165 169 170 171 172 173 174 175 176 177 180 
42: 41 42 43 152 154 155 160 161 162 163 164 165 166 167 168 169 170 171 172 173 174 175 176 
59: 58 59 60 147 148 149 150 151 152 153 154 155 156 157 158 
60: 40 41 47 54 55 56 58 59 60 61 62 63 64 66 105 106 111 117 119 122 132 134 138 139 140 141 142 144 145 146 147 148 149 150 151 152 154 155 156 158 159 160 165 169 177 180 182 189 196 
66: 36 40 41 47 60 61 64 65 66 67 70 71 72 73 77 80 105 106 111 114 117 119 121 122 123 126 132 134 135 138 139 140 141 142 143 144 145 146 148 149 156 158 159 160 169 177 180 182 189 196 
68: 67 68 69 70 72 73 77 114 115 117 119 121 122 123 126 128 132 133 134 135 136 137 138 139 140 141 142 143 
77: 66 67 68 73 74 75 76 77 78 79 80 102 105 106 111 114 115 117 119 121 122 123 124 125 126 127 128 129 130 131 132 134 138 139 144 145 146 160 169 177 182 189 196 
80: 66 77 78 79 80 81 82 83 86 87 90 93 102 105 106 111 114 115 117 119 120 121 122 123 124 125 126 127 128 129 130 131 132 134 138 139 145 146 160 169 177 182 189 196 
85: 83 84 85 86 112 113 114 115 116 117 118 119 120 121 122 123 124 125 126 128 129 131 
95: 94 95 96 102 103 104 105 106 107 108 109 
97: 94 96 97 98 99 100 101 102 103 104 105 106 107 108 109 111 113 114 
111: 4 16 28 36 40 41 47 54 55 60 66 67 77 80 82 83 84 86 87 88 89 90 91 92 93 94 96 97 98 99 100 105 106 107 109 110 111 112 113 114 117 119 
152: 41 42 43 47 49 50 52 53 54 55 56 57 58 59 60 63 64 149 150 151 152 153 154 155 156 159 160 
162: 42 43 44 45 46 47 48 49 50 51 52 160 161 162 163 
180: 4 12 16 17 18 19 22 24 28 29 30 31 32 33 34 35 36 38 40 41 46 47 52 54 55 60 66 177 178 179 180 181 182 189 
189: 4 8 12 16 17 18 19 20 22 23 24 25 26 27 28 31 32 34 36 40 41 46 47 54 60 66 77 80 90 93 146 160 177 180 182 183 184 185 186 187 188 189 190 191 196 
199: 1 4 6 7 8 9 12 14 15 16 17 18 19 20 21 22 24 26 27 196 197 198 199 200 
#Heuristica1:
78
14: 12 13 14 15 16 17 233 234 235 239 240 241 242 243 244 245 246 247 248 
19: 17 18 19 20 234 235 236 237 238 239 240 241 242 243 244 
21: 17 18 20 21 22 23 24 25 26 204 207 210 212 216 219 222 223 224 225 231 233 234 235 236 237 238 239 241 242 245 246 247 248 250 
27: 26 27 28 29 189 194 195 198 199 204 207 210 212 216 218 219 220 222 223 224 225 226 227 228 229 230 231 233 235 238 239 246 247 248 
32: 29 30 31 32 33 34 218 219 220 222 223 224 225 226 227 228 229 230 231 
34: 12 29 30 32 33 34 35 36 37 38 41 45 46 151 153 161 164 167 179 186 188 189 194 195 198 199 204 207 210 212 216 218 219 220 221 222 223 224 225 226 227 228 229 230 231 233 239 247 248 250 
40: 38 39 40 41 212 213 214 215 216 217 218 219 220 222 223 225 227 
43: 41 42 43 44 45 205 207 208 210 211 212 213 214 215 216 218 219 220 222 223 227 228 229 230 
45: 34 38 41 42 43 44 45 46 199 204 205 207 208 209 210 211 212 214 215 216 218 219 220 222 228 229 230 231 239 248 250 
48: 12 46 47 48 49 50 51 53 58 61 66 72 86 93 121 151 153 161 164 167 179 182 186 188 189 194 195 198 199 201 204 205 206 207 208 209 210 212 216 219 222 230 231 239 250 
52: 51 52 53 201 202 203 204 205 206 
54: 53 54 55 195 196 198 199 200 201 202 203 204 205 
56: 55 56 57 58 195 196 197 198 199 200 201 202 203 
58: 48 53 55 56 57 58 59 60 61 153 158 161 164 167 172 179 182 186 188 189 190 191 192 193 194 195 196 197 198 199 200 201 202 203 204 207 210 212 216 219 222 231 239 250 
63: 61 62 63 64 65 66 183 185 186 187 188 189 190 191 192 193 194 195 196 197 
65: 61 63 64 65 66 188 189 190 191 192 193 194 195 197 198 
68: 67 68 69 70 180 181 182 183 184 185 186 187 188 189 
70: 66 67 68 69 70 71 72 176 177 179 180 181 182 183 184 185 186 187 188 189 190 191 193 194 195 198 199 203 204 207 
74: 72 73 74 75 173 174 176 177 178 179 180 181 182 183 184 185 
77: 72 75 76 77 78 79 80 81 83 86 129 130 132 135 142 144 151 153 154 158 161 164 167 168 172 173 174 175 176 177 178 179 181 182 185 186 188 193 194 195 198 203 204 207 210 231 239 
82: 81 82 83 167 168 169 170 171 172 173 174 175 176 177 
85: 83 84 85 86 165 166 167 168 169 170 171 172 174 
87: 86 87 88 163 164 165 166 167 168 169 
89: 88 89 90 91 93 156 158 159 161 162 163 164 165 166 167 
91: 86 88 89 90 91 92 93 156 158 159 160 161 162 163 164 166 167 170 171 172 176 
93: 12 48 72 86 88 89 91 92 93 94 95 121 129 130 132 135 137 142 144 145 151 153 154 156 157 158 159 160 161 162 163 164 167 171 172 176 177 179 186 194 198 204 207 210 231 239 
96: 95 96 97 153 154 155 156 157 158 
98: 95 97 98 99 139 142 144 145 147 148 150 151 153 154 155 156 157 158 159 161 163 
101: 99 100 101 102 103 106 135 137 139 142 144 145 146 147 148 149 150 151 152 153 154 156 157 158 159 
103: 95 99 100 101 102 103 104 105 106 135 137 139 142 144 145 146 147 148 149 150 151 153 154 156 157 158 161 163 164 167 171 
108: 106 107 108 109 110 135 137 139 140 142 143 144 145 146 147 148 149 150 151 153 154 156 157 
110: 95 99 106 108 109 110 111 112 113 129 130 131 132 135 137 138 139 140 141 142 143 144 145 147 148 150 151 153 157 158 161 164 172 176 177 179 186 194 198 204 
114: 113 114 115 116 133 135 136 137 138 139 140 141 
116: 12 95 113 114 115 116 117 118 119 120 121 129 130 131 132 133 134 135 136 137 138 139 141 142 144 148 150 151 158 161 164 172 176 179 186 194 198 204 207 210 231 239 
122: 121 122 123 126 127 128 129 130 131 132 133 
124: 123 124 125 126 127 128 129 130 131 
126: 117 118 120 121 122 123 124 125 126 127 129 
128: 120 121 122 123 124 125 127 128 129 
130: 66 72 77 86 93 95 99 100 106 110 113 116 117 118 119 120 121 122 123 124 125 129 130 131 132 135 
132: 77 86 93 95 99 100 106 110 113 116 117 118 119 120 121 122 123 125 129 130 131 132 133 134 135 
137: 93 95 99 100 101 103 106 108 110 111 112 113 114 115 116 117 118 119 120 121 123 125 135 136 137 138 139 142 
140: 107 108 109 110 111 112 113 114 115 139 140 141 142 
142: 53 61 66 72 77 86 93 95 98 99 100 101 103 106 107 108 109 110 111 112 113 116 120 121 123 125 129 135 137 139 140 141 142 143 144 
146: 100 101 102 103 104 105 106 107 108 109 145 146 147 
148: 97 98 99 100 101 102 103 104 105 106 107 108 109 110 111 112 113 116 144 145 147 148 149 150 151 
152: 99 100 101 102 151 152 153 
154: 67 72 77 81 86 88 93 95 96 97 98 99 100 101 102 103 104 105 106 108 153 154 155 156 157 158 
159: 88 89 90 91 92 93 94 95 97 98 99 101 158 159 160 161 
163: 78 81 83 86 87 88 89 90 91 92 93 95 98 99 103 106 161 162 163 164 
165: 84 85 86 87 88 89 90 164 165 166 167 
167: 17 26 29 34 46 48 53 58 61 66 67 72 75 77 78 79 81 82 83 84 85 86 87 88 89 90 91 92 93 95 99 103 106 164 165 166 167 168 169 170 171 172 176 179 
174: 74 75 77 78 79 80 81 82 83 84 85 86 88 172 173 174 175 176 
177: 67 70 72 73 74 75 76 77 78 79 80 81 82 83 86 92 93 95 106 110 176 177 178 179 
180: 68 70 72 73 74 75 76 179 180 181 182 
182: 48 53 58 61 66 67 68 70 71 72 73 74 75 77 80 81 83 179 180 181 182 183 185 186 
185: 63 66 67 68 69 70 71 72 74 75 77 81 83 86 179 182 183 184 185 186 
188: 2 12 17 26 29 34 38 46 48 49 53 58 61 63 64 65 66 67 68 69 70 72 75 77 81 83 186 187 188 189 191 193 194 204 207 210 
190: 51 53 55 58 59 61 62 63 64 65 66 67 69 70 189 190 191 
193: 58 59 60 61 62 63 64 65 66 67 70 72 75 77 81 83 186 188 189 191 192 193 194 
196: 54 55 56 57 58 59 60 61 63 195 196 197 198 
198: 26 27 29 34 38 41 46 48 49 51 53 54 55 56 57 58 59 60 61 64 65 66 67 70 72 77 83 86 93 95 110 113 116 121 125 179 186 194 195 196 197 198 199 203 204 207 210 
201: 46 47 48 49 50 51 52 53 54 55 56 57 58 60 61 199 200 201 202 203 204 
203: 49 50 51 52 53 54 55 56 57 58 60 61 66 67 70 72 77 83 198 199 201 202 203 204 
207: 21 26 27 29 34 38 41 42 43 45 46 47 48 49 50 51 53 55 57 58 61 66 70 72 77 86 93 95 113 116 121 125 151 179 186 188 194 195 198 204 205 206 207 208 210 
209: 45 46 47 48 49 50 51 208 209 210 
211: 43 44 45 46 210 211 212 
214: 36 37 38 39 40 41 42 43 44 45 212 213 214 215 216 
216: 2 12 17 21 26 27 29 30 34 36 37 38 39 40 41 42 43 44 45 46 47 48 53 58 61 210 212 214 215 216 217 218 219 222 231 
220: 26 27 29 30 31 32 34 35 36 37 38 39 40 41 42 43 44 45 219 220 221 222 
225: 18 21 24 26 27 28 29 30 31 32 33 34 36 37 38 40 223 224 225 226 227 228 230 231 
229: 22 23 24 25 26 27 28 29 30 31 32 33 34 36 37 38 41 43 44 45 46 222 223 228 229 230 231 
231: 2 12 13 17 18 21 22 23 24 25 26 27 28 29 32 33 34 38 41 45 46 48 58 61 66 72 77 86 93 95 113 116 121 125 210 212 216 222 223 224 225 226 228 229 230 231 232 233 239 
235: 7 11 12 13 14 16 17 18 19 20 21 22 23 24 25 26 27 28 29 233 234 235 236 237 238 239 
240: 2 4 7 11 12 13 14 15 16 17 18 19 20 239 240 241 242 
242: 2 4 7 8 11 12 13 14 15 16 17 19 20 21 24 25 239 240 241 242 243 245 246 247 248 250 
244: 8 9 10 11 12 13 14 15 16 17 19 243 244 245 
246: 5 7 8 9 10 11 12 13 14 15 16 17 20 21 24 25 26 27 239 242 243 245 246 247 
250: 1 2 3 4 5 6 7 8 9 10 11 12 16 17 21 25 26 29 34 41 45 46 48 58 61 66 72 239 242 247 248 249 250 
#Heuristica2:
23
1: 1 2 3 4 5 6 7 10 11 12 16 250 
7: 1 2 4 5 6 7 8 9 10 11 12 235 239 240 242 243 245 246 247 248 249 250 
14: 12 13 14 15 16 17 233 234 235 239 240 241 242 243 244 245 246 247 248 
30: 29 30 31 32 33 34 212 216 218 219 220 222 223 224 225 226 227 228 229 230 
34: 12 29 30 32 33 34 35 36 37 38 41 45 46 151 153 161 164 167 179 186 188 189 194 195 198 199 204 207 210 212 216 218 219 220 221 222 223 224 225 226 227 228 229 230 231 233 239 247 248 250 
35: 34 35 36 217 218 219 220 221 222 223 
51: 48 49 50 51 52 53 190 191 194 195 198 199 200 201 202 203 204 205 206 207 208 209 210 212 
55: 53 54 55 56 57 58 189 190 191 194 195 196 198 199 200 201 202 203 204 205 207 
67: 66 67 68 69 70 72 151 153 154 158 161 164 167 172 176 177 179 182 183 184 185 186 187 188 189 190 191 192 193 194 195 198 199 203 204 
72: 48 61 66 67 70 71 72 73 74 75 77 86 93 129 130 135 142 144 151 153 154 158 161 164 167 172 176 177 179 180 181 182 183 184 185 186 188 189 191 193 194 195 198 199 203 204 207 210 222 231 239 250 
77: 72 75 76 77 78 79 80 81 83 86 129 130 132 135 142 144 151 153 154 158 161 164 167 168 172 173 174 175 176 177 178 179 181 182 185 186 188 193 194 195 198 203 204 207 210 231 239 
91: 86 88 89 90 91 92 93 156 158 159 160 161 162 163 164 166 167 170 171 172 176 
99: 95 98 99 100 101 102 103 106 110 113 129 130 131 132 135 137 139 142 144 145 147 148 150 151 152 153 154 155 156 157 158 159 161 163 164 167 
106: 95 99 100 101 103 104 105 106 107 108 109 110 113 129 130 131 132 135 137 139 142 144 145 146 147 148 149 150 151 153 154 156 157 158 161 163 164 167 172 176 177 179 
109: 106 108 109 110 138 139 140 141 142 143 144 145 146 147 148 149 150 151 153 156 157 158 
123: 121 122 123 124 125 126 127 128 129 130 131 132 135 137 139 142 144 150 
135: 53 61 66 72 77 86 93 95 99 100 101 103 106 108 110 111 113 114 115 116 117 118 119 120 121 123 125 129 130 132 133 134 135 136 137 142 144 
158: 53 58 61 66 67 72 77 81 83 86 88 89 91 93 94 95 96 97 98 99 101 102 103 105 106 109 110 112 113 116 121 125 151 153 154 156 157 158 159 161 
167: 17 26 29 34 46 48 53 58 61 66 67 72 75 77 78 79 81 82 83 84 85 86 87 88 89 90 91 92 93 95 99 103 106 164 165 166 167 168 169 170 171 172 176 179 
195: 17 26 27 29 34 38 41 46 48 49 51 53 54 55 56 58 59 60 61 62 63 64 65 66 67 70 72 77 81 194 195 196 197 198 207 210 
212: 2 12 17 21 26 27 29 30 34 36 38 39 40 41 42 43 44 45 46 47 48 51 53 58 61 210 211 212 213 214 215 216 222 231 
233: 2 12 13 14 17 18 20 21 22 23 24 25 26 27 28 29 34 38 41 231 232 233 234 235 238 239 
239: 2 4 7 11 12 13 14 16 17 18 19 20 21 24 25 26 27 29 34 38 41 45 46 48 58 61 66 72 77 86 93 95 113 116 121 210 231 233 235 236 237 238 239 240 241 242 246 247 248 250 
